orderID|coupon1Used|coupon2Used|coupon3Used|basketValue
6054|0.3920658424496651|0.32431569546461103|0.25768744945526123|133.50282287597656
6055|0.3297501653432846|0.2339278407394886|0.21352618783712388|201.49607849121094
6056|0.4107946217060089|0.28790908455848696|0.21003877073526384|174.09011840820312
6057|0.3760192960500717|0.32931470721960066|0.31588159054517745|152.52688598632812
6058|0.3359340846538544|0.31612974852323533|0.27973381280899046|247.09803771972656
6059|0.3510835111141205|0.32568766474723815|0.25816121846437456|166.03709411621094
6060|0.6116996586322785|0.3885824382305145|0.31701836735010147|113.06748962402344
6061|0.5749104171991348|0.33599577099084854|0.29848996847867965|174.01516723632812
6062|0.42134109139442444|0.37602039724588393|0.31989961862564087|186.1689453125
6063|0.3580569952726364|0.3283620774745941|0.2396824039518833|164.885498046875
6064|0.3719820439815521|0.3451860979199409|0.33721849471330645|116.39049530029297
6065|0.3246471300721169|0.2719795785844326|0.3163521304726601|160.77052307128906
6066|0.3638832032680511|0.3203843906521797|0.24965812489390374|117.745849609375
6067|0.3623512744903564|0.3242849498987198|0.2264902673661709|399.17633056640625
6068|0.33994847238063813|0.31791648343205453|0.30094937086105344|179.7137451171875
6069|0.354289510846138|0.2916890822350979|0.26786511167883875|183.9735107421875
6070|0.36000182032585143|0.43947755843400954|0.29355959594249725|153.89163208007812
6071|0.354505230486393|0.32778215408325195|0.306312283873558|167.24273681640625
6072|0.3607767716050148|0.32596211731433866|0.2813996933400631|188.12449645996094
6073|0.3172092169523239|0.2575640335679054|0.24569104760885238|161.25889587402344
6074|0.42928807735443114|0.3565130889415741|0.3133699581027031|166.0321044921875
6075|0.3629890114068985|0.3123604148626328|0.33261187225580213|149.02117919921875
6076|0.4144359648227692|0.41629080921411515|0.39489573836326597|184.3155975341797
6077|0.395994208753109|0.3177695393562317|0.30373591408133505|158.86415100097656
6078|0.21098968908190727|0.21122207194566728|0.15499613359570502|189.37814331054688
6079|0.40724488347768784|0.35611685961484907|0.4132112577557564|168.6058807373047
6080|0.34395721554756165|0.2906793937087059|0.2892307139933109|191.57183837890625
6081|0.3972857594490051|0.37889735102653505|0.3411698415875435|154.2050018310547
6082|0.36379801779985427|0.32694424241781234|0.30929055213928225|196.88174438476562
6083|0.383959636092186|0.3807621389627457|0.3100170761346817|194.48086547851562
6084|0.3545559227466583|0.3239977389574051|0.2561372444033623|121.46757507324219
6085|0.36122958809137345|0.3268571004271507|0.30343847870826723|86.5584716796875
6086|0.3696228817105293|0.2791762314736843|0.3165122225880623|114.26416015625
6087|0.22784900292754173|0.1829344980418682|0.23506152257323265|170.39759826660156
6088|0.36190594285726546|0.3308521956205368|0.3408869281411171|169.71279907226562
6089|0.31441091001033783|0.28986168205738067|0.22566634342074393|189.8860626220703
6090|0.33911495208740233|0.32129649072885513|0.30726190730929376|172.5329132080078
6091|0.25715991407632827|0.2572135075926781|0.19981790259480475|193.435302734375
6092|0.23943808674812317|0.1903396539390087|0.20177275612950324|193.09848022460938
6093|0.22784900292754173|0.24397371336817741|0.2244814932346344|159.70692443847656
6094|0.39547995626926424|0.3846603974699974|0.41698748618364334|158.64772033691406
6095|0.2306175000965595|0.16569943651556968|0.15744655057787896|237.62359619140625
6096|0.28609342873096466|0.2058404043316841|0.18217578381299973|197.51852416992188
6097|0.34640436470508573|0.2877921096980572|0.2874162390828133|182.15792846679688
6098|0.2449260577559471|0.22795328497886658|0.18285758346319197|182.15948486328125
6099|0.34866853803396225|0.2884602963924408|0.1956053577363491|180.02963256835938
6100|0.31961347758769987|0.32489071041345596|0.2714595511555672|189.2117919921875
6101|0.4097050651907921|0.32840847969055176|0.39373638331890104|191.0861053466797
6102|0.346477273106575|0.3360316604375839|0.33400197699666023|225.7033233642578
6103|0.3242114409804344|0.2813086502254009|0.21427937000989913|195.29417419433594
6104|0.35123727172613145|0.33752830177545545|0.3698629543185234|172.37478637695312
6105|0.3326180264353752|0.36581304371356965|0.26626560762524604|182.3561553955078
6106|0.3517148122191429|0.3116199165582657|0.22346176505088805|99.02460479736328
6107|0.23286983668804168|0.1870507627725601|0.20092516914010047|186.12295532226562
6108|0.35413254499435426|0.31185254007577895|0.25593426674604414|145.4134979248047
6109|0.23434178307652473|0.18651437088847161|0.14612082168459892|178.66517639160156
6110|0.3551627263426781|0.3322904720902443|0.2682117685675621|234.87814331054688
6111|0.2844578117132187|0.20914555564522744|0.22380226403474807|179.28851318359375
6112|0.36740667968988416|0.4329641550779343|0.30998484790325165|181.8004150390625
6113|0.36783835887908933|0.3797184258699417|0.33365128487348555|140.05780029296875
6114|0.3616440013051033|0.3277833044528961|0.26028984785079956|198.53048706054688
6115|0.40532955676317217|0.359504833817482|0.387275829911232|185.1153564453125
6116|0.3165258765220642|0.2439412698149681|0.21814052239060402|171.1360626220703
6117|0.32609123885631563|0.27230135127902033|0.22658020332455636|171.5098114013672
6118|0.33919030129909516|0.3528778597712517|0.3485183045268059|178.74681091308594
6119|0.22092592865228652|0.17844209149479867|0.1845459170639515|200.32308959960938
6120|0.3817798629403114|0.36503269225358964|0.3310433864593506|138.08274841308594
6121|0.2804426848888397|0.15653998926281928|0.1332087181508541|215.61463928222656
6122|0.3449180260300636|0.33911860883235934|0.24585191085934638|184.28265380859375
6123|0.24758022278547287|0.19494211301207542|0.16042923219501973|385.7403259277344
6124|0.24197029173374177|0.19804942682385446|0.18709010258316994|209.35130310058594
6125|0.3184802904725075|0.22157525196671485|0.1760731518268585|195.69651794433594
6126|0.3992015853524208|0.3397121265530586|0.30185278207063676|183.4619903564453
6127|0.22364755421876908|0.16681834906339646|0.14997856542468072|185.21009826660156
6128|0.2151708073914051|0.14215199165046216|0.12200025878846646|222.7650146484375
6129|0.2821380525827408|0.21496388092637062|0.19833809286355972|182.39303588867188
6130|0.36955572217702864|0.3433552637696266|0.3344090834259987|407.447265625
6131|0.324443057179451|0.22416377291083336|0.23270056024193764|174.91746520996094
6132|0.24308307990431785|0.19342137947678567|0.16291281953454018|296.30181884765625
6133|0.24308307990431785|0.19342137947678567|0.16291281953454018|296.30181884765625
6134|0.24308307990431785|0.19342137947678567|0.16291281953454018|296.30181884765625
6135|0.2336868517100811|0.19342137947678567|0.16291281953454018|296.30181884765625
6136|0.38387460708618165|0.3986741408705711|0.317736504971981|158.7650146484375
6137|0.22645928785204889|0.1595904253423214|0.13193767704069614|202.14923095703125
6138|0.3338434547185898|0.2763772547245026|0.21287074089050292|177.14077758789062
6139|0.40575039833784105|0.3571755483746529|0.30680143982172015|162.9751739501953
6140|0.19576512575149535|0.2227587878704071|0.13899284042418003|150.081787109375
6141|0.16092521771788598|0.10160549581050873|0.10735133625566959|134.04124450683594
6142|0.3833364263176918|0.44697507470846176|0.31498925387859344|166.46176147460938
6143|0.19107034131884576|0.14454232193529606|0.1376888558268547|178.68382263183594
6144|0.37452122271060945|0.29022189080715177|0.33349029123783114|175.23846435546875
6145|0.3572620555758476|0.30688790902495383|0.27329244911670686|195.4207763671875
6146|0.3185513347387314|0.2028539814054966|0.2324300691485405|163.29238891601562
6147|0.1401816423982382|0.1301685929298401|0.08764798194169998|216.422607421875
6148|0.15561698451638223|0.12484712488949298|0.09770454354584217|234.90704345703125
6149|0.15213874578475953|0.13720807544887065|0.09456115886569023|178.2913055419922
6150|0.1401816423982382|0.1301685929298401|0.08764798194169998|216.422607421875
6151|0.373621454834938|0.26453115195035937|0.245366121083498|214.63858032226562
6152|0.17477219104766845|0.1264294572174549|0.10919533334672452|209.35130310058594
6153|0.36352764517068864|0.33237459808588027|0.2837687984108925|209.2234649658203
6154|0.1548185884952545|0.10657788328826427|0.11062377654016017|169.65737915039062
6155|0.36056471318006517|0.3862127736210823|0.2846110865473747|168.81455993652344
6156|0.3636023700237274|0.3207611158490181|0.2893733747303486|90.90345764160156
6157|0.16164486557245256|0.12664064355194568|0.10016671605408192|125.10394287109375
6158|0.35751214921474456|0.30030771195888517|0.24268560037016867|179.77073669433594
6159|0.1659891664981842|0.11296820975840091|0.09092544578015804|216.9768829345703
6160|0.15764613226056098|0.1973714292049408|0.1204378966242075|180.26499938964844
6161|0.1476192709058523|0.1966496303677559|0.12185724750161171|194.4167022705078
6162|0.14896582961082458|0.09947937726974487|0.09317388832569122|152.75230407714844
6163|0.37149802297353746|0.38542020618915557|0.28759642094373705|443.24298095703125
6164|0.37109335958957673|0.38843924552202225|0.28613139912486074|175.5601348876953
6165|0.39853960275650024|0.4212736666202545|0.29090935960412023|186.41650390625
6166|0.15476498305797576|0.1264294572174549|0.09783697389066219|209.35130310058594
6167|0.33941968679428103|0.2309538409113884|0.2373329855501652|203.17347717285156
6168|0.2019150473177433|0.12430534139275551|0.07302692737430334|168.01303100585938
6169|0.17696076184511184|0.13431559652090072|0.11501279808580875|171.69129943847656
6170|0.15331221893429756|0.10549878180027009|0.08942798227071762|184.0933837890625
6171|0.14331687316298486|0.10573351979255677|0.0859026413410902|168.9927978515625
6172|0.1609531708061695|0.1270441461354494|0.08387846425175667|382.7351989746094
6173|0.3587444067001343|0.31982566565275194|0.3257903024554253|229.88674926757812
6174|0.1455771118402481|0.1451364953070879|0.084495023265481|200.40965270996094
6175|0.13992155976593496|0.1301685929298401|0.08415128402411938|236.35939025878906
6176|0.28853060603141784|0.20079347863793373|0.2242542825639248|225.74195861816406
6177|0.2367909699678421|0.2291679084300995|0.1679820217192173|129.1409149169922
6178|0.13992155976593496|0.1301685929298401|0.08415128402411938|236.35939025878906
6179|0.1867241717875004|0.20256145298480988|0.13362696431577206|186.09288024902344
6180|0.13957303278148175|0.1301685929298401|0.08284691981971264|236.35939025878906
6181|0.4422109857201576|0.4272457078099251|0.3500142738223076|136.1443634033203
6182|0.16357904374599458|0.12471031211316586|0.12180588133633137|264.9334716796875
6183|0.14908559545874595|0.13881972357630729|0.1358955457806587|310.6119689941406
6184|0.15895499661564827|0.121707833558321|0.10563759617507458|190.4335479736328
6185|0.13892674781382083|0.1301685929298401|0.08284691981971264|236.35939025878906
6186|0.4705270528793335|0.3237520784139633|0.4103797063231468|376.053466796875
6187|0.13892674781382083|0.1301685929298401|0.08284691981971264|236.35939025878906
6188|0.39869177639484404|0.3825016885995865|0.30470805168151854|187.72653198242188
6189|0.42307325452566147|0.2762936256825924|0.38303808867931366|168.83726501464844
6190|0.36492684334516523|0.3459746494889259|0.25589456856250764|164.88983154296875
6191|0.2154260568320751|0.19748396351933478|0.18843716233968735|145.9066925048828
6192|0.1448128953576088|0.12542752735316753|0.10521050989627838|177.53321838378906
6193|0.13892674781382083|0.1301685929298401|0.08284691981971264|236.35939025878906
6194|0.36492684334516523|0.3459746494889259|0.25589456856250764|166.05618286132812
6195|0.14782543927431108|0.12321950607001782|0.1037235364317894|195.09146118164062
6196|0.13892674781382083|0.1301685929298401|0.08284691981971264|236.35939025878906
6197|0.14792595282197|0.12752934284508227|0.10394316948950291|226.068359375
6198|0.22859045639634132|0.23924848958849906|0.14081697836518287|204.56858825683594
6199|0.2989037424325943|0.2100432202219963|0.2060774475336075|200.5768585205078
6200|0.14489043280482292|0.12501740418374538|0.09272228442132473|193.5511016845703
6201|0.4249782308936119|0.2423337183892727|0.18219320997595786|195.0355682373047
6202|0.37313651740550996|0.3871743455529213|0.3351426988840103|184.54733276367188
6203|0.25700494050979616|0.26516272574663163|0.21211540475487708|175.88758850097656
6204|0.37255920469760895|0.31471178978681563|0.27495032399892805|172.4403839111328
6205|0.372115258872509|0.35249223858118056|0.4257975459098816|199.86549377441406
6206|0.2306404910981655|0.17427551597356797|0.14612082168459892|220.90826416015625
6207|0.14803508296608925|0.10210713259875774|0.10748523250222206|214.2555389404297
6208|0.14370815679430962|0.10486961156129837|0.07967730201780795|220.79568481445312
6209|0.37043238878250123|0.31692050993442533|0.3059686154127121|220.8974151611328
6210|0.14370815679430962|0.10486961156129837|0.07967730201780795|220.79568481445312
6211|0.24195964112877846|0.20850468203425407|0.2144625298678875|191.11053466796875
6212|0.25953639298677444|0.19274405241012574|0.2026322104036808|182.01657104492188
6213|0.35719166696071625|0.3129568561911583|0.28714107573032377|171.5159454345703
6214|0.17759544476866723|0.13449084609746934|0.1311929877847433|170.1506805419922
6215|0.14323954954743384|0.10174643769860267|0.08137289546430111|245.88401794433594
6216|0.35413254499435426|0.3146384596824646|0.29115934371948243|187.2759246826172
6217|0.14682731330394744|0.12440537996590137|0.0929844856262207|345.43212890625
6218|0.23474508076906203|0.19373313039541246|0.17754315361380577|209.35130310058594
6219|0.14616502076387405|0.12173891365528107|0.11127618625760079|373.31439208984375
6220|0.19888431057333947|0.16179946810007095|0.12197518683969974|217.80169677734375
6221|0.1579672120511532|0.17094461545348166|0.13834291100502014|209.46572875976562
6222|0.46339542120695115|0.2330329969525337|0.1745302513241768|178.1181182861328
6223|0.16324616819620133|0.1324801791459322|0.11077542267739773|182.01953125
6224|0.3158810302615166|0.2826840110123158|0.24588461890816687|188.27857971191406
6225|0.30875149071216584|0.2521636538207531|0.2215893566608429|176.69113159179688
6226|0.15737610757350923|0.13492447175085545|0.1074590753763914|174.35096740722656
6227|0.16880728527903557|0.11947936303913594|0.1216768629848957|192.3074188232422
6228|0.356806617975235|0.31712757647037504|0.2886203095316887|154.62844848632812
6229|0.38106649518013|0.3574080303311348|0.2958784319460392|213.0581512451172
6230|0.2648431293666363|0.18984480947256088|0.2024836152791977|179.99485778808594
6231|0.38293219804763795|0.42189040333032607|0.299649253487587|175.10415649414062
6232|0.16051734313368798|0.1819581151008606|0.14226446114480495|182.0470428466797
6233|0.4007870748639107|0.12295550145208836|0.19504438117146491|192.0810546875
6234|0.22435811161994934|0.1635630965232849|0.16366929635405542|181.5130157470703
6235|0.4178131893277168|0.33931477814912797|0.30635841339826586|176.27793884277344
6236|0.15718804001808168|0.13527427799999714|0.09932767301797867|213.93894958496094
6237|0.3707482233643532|0.34045845121145246|0.35397202968597413|228.52615356445312
6238|0.14287542700767517|0.12039951644837857|0.10309018418192864|208.18508911132812
6239|0.22713906466960906|0.17850695550441742|0.169203782081604|187.79574584960938
6240|0.37857160717248917|0.35583126097917556|0.29427997320890426|291.7829284667969
6241|0.3661707013845444|0.41548809260129926|0.3294875331223011|159.674560546875
6242|0.13654459156095983|0.10704584568738937|0.10731064006686211|192.94642639160156
6243|0.21662650629878044|0.17634004056453706|0.12101168446242809|205.3238067626953
6244|0.1392192080616951|0.11714202351868153|0.17333101108670235|188.62049865722656
6245|0.13852504044771194|0.11558202095329762|0.10346621833741665|196.73956298828125
6246|0.33304964303970336|0.33310201168060305|0.28199478462338445|261.6963806152344
6247|0.4264995276927948|0.32613726556301115|0.2932214140892029|141.0725860595703
6248|0.1745935544371605|0.15750213488936424|0.12058688700199127|176.42703247070312
6249|0.3892390802502632|0.32764588445425036|0.3028346985578537|185.32847595214844
6250|0.2204952672123909|0.16805339381098747|0.1517302416265011|215.1593475341797
6251|0.17331182956695557|0.16966216117143632|0.14130173809826374|169.55604553222656
6252|0.15143613293766975|0.09260201379656792|0.08973565399646759|247.66885375976562
6253|0.43695519119501114|0.3829528734087944|0.30748316645622253|159.56951904296875
6254|0.3715297609567642|0.34161537885665894|0.26029014512896537|152.0244903564453
6255|0.1491236664354801|0.1529827006161213|0.1302725799381733|148.74578857421875
6256|0.24395001754164697|0.15506611354649066|0.16400393918156625|198.59799194335938
6257|0.31407650709152224|0.3268326073884964|0.21322197690606118|168.7627410888672
6258|0.14105274528265|0.1276890393346548|0.08681284002959729|195.93704223632812
6259|0.1798185907304287|0.13528461940586567|0.14939112588763237|205.47592163085938
6260|0.19585480093955993|0.16261352449655533|0.16380379647016524|161.9934539794922
6261|0.35146298855543134|0.24631478562951087|0.2862093985080719|193.32012939453125
6262|0.3422838136553764|0.330559167265892|0.29434809684753416|200.0576171875
6263|0.3815706118941307|0.3398165836930275|0.2817650966346264|136.26821899414062
6264|0.3367311149835587|0.28900629058480265|0.2226673036813736|182.52745056152344
6265|0.143215923756361|0.11274901181459426|0.0893260270357132|195.27993774414062
6266|0.15269721522927285|0.10166273787617683|0.07619597129523754|232.10089111328125
6267|0.15265440344810485|0.11555709578096866|0.10276304185390472|190.35928344726562
6268|0.3944443702697754|0.47065566927194596|0.4305190920829773|178.38034057617188
6269|0.1853028155863285|0.15690102204680442|0.15616519935429096|166.96170043945312
6270|0.30923868268728255|0.21431196331977845|0.21180519908666612|177.97854614257812
6271|0.13736102916300297|0.11203291937708855|0.11454496756196023|181.77830505371094
6272|0.16500965803861617|0.09505176842212677|0.18101221621036528|373.6454772949219
6273|0.1444685846567154|0.12098804973065853|0.1042838741093874|178.39573669433594
6274|0.13724154159426688|0.11342781037092209|0.12455721572041512|191.63844299316406
6275|0.1555155895650387|0.11831665374338626|0.1276965256780386|172.96875
6276|0.2668394409120083|0.2962138570845127|0.13335572071373464|262.6117858886719
6277|0.15973970517516137|0.1601598732173443|0.14483765624463557|178.5901336669922
6278|0.17959659472107886|0.15773564241826535|0.14153935015201569|249.5429229736328
6279|0.13724154159426688|0.12084234207868576|0.14073149785399436|182.3764190673828
6280|0.14117989651858806|0.09638419523835182|0.10190265402197837|427.20025634765625
6281|0.13850682638585568|0.11480768844485283|0.1093560229986906|267.8624572753906
6282|0.1429013915359974|0.12174720168113709|0.12108597159385681|183.5966796875
6283|0.13379885368049144|0.09520148523151875|0.08694230653345585|196.31253051757812
6284|0.13824196383357049|0.14767727740108966|0.1397819582372904|195.55117797851562
6285|0.1354486085474491|0.09591539315879345|0.10453544110059738|204.2781982421875
6286|0.21637622639536858|0.11567689925432205|0.18857609257102012|130.13230895996094
6287|0.3224981755018234|0.3285349518060684|0.234314988553524|188.84844970703125
6288|0.15280231237411498|0.12411943040788173|0.1130619253963232|194.92176818847656
6289|0.14220601990818976|0.11657012552022934|0.09695584587752819|240.06582641601562
6290|0.16918718963861465|0.14013499468564988|0.09650663770735264|186.8004608154297
6291|0.3329539135098457|0.2747805081307888|0.2678986556828022|175.4794464111328
6292|0.27069022357463834|0.30317467376589774|0.13733703568577765|186.28677368164062
6293|0.13824196383357049|0.1898421861231327|0.12704931944608688|206.3000030517578
6294|0.19469695910811424|0.1094114188104868|0.10903365761041642|203.9575958251953
6295|0.2613675147294998|0.2214040271937847|0.20806428045034409|367.66534423828125
6296|0.15951633639633656|0.12354536354541779|0.13416222855448723|229.31175231933594
6297|0.251646488904953|0.18655408769845963|0.15061086937785148|255.59017944335938
6298|0.20317244455218314|0.15746162608265876|0.15053864531219005|184.12594604492188
6299|0.14474380910396575|0.11907955221831798|0.0962777454406023|190.05409240722656
6300|0.14615214094519616|0.12566022649407388|0.09964150562882423|193.26022338867188
6301|0.14697395227849483|0.15445985049009323|0.13824740722775458|182.25088500976562
6302|0.14682355783879758|0.12319767288863659|0.12398240938782693|200.05799865722656
6303|0.3257498562335968|0.28179300352931025|0.23228802978992463|160.68911743164062
6304|0.14706589803099632|0.12220875099301338|0.09447258412837982|193.83935546875
6305|0.15469388365745546|0.12687200717628003|0.122267347574234|241.8174285888672
6306|0.3647005960345268|0.33824904412031176|0.3148066267371178|182.92886352539062
6307|0.22567102462053298|0.14729796834290027|0.21760970950126649|182.74569702148438
6308|0.14606927037239076|0.11162260994315147|0.10861096307635307|252.43930053710938
6309|0.37214215397834777|0.40121454298496245|0.31740774884819983|149.4161376953125
6310|0.15017702244222164|0.12240859121084213|0.12454403415322304|754.189208984375
6311|0.1333784271031618|0.09075506068766118|0.12455280013382435|168.2180938720703
6312|0.204653599858284|0.16277721412479879|0.15664482153952122|201.6807403564453
6313|0.36189141869544983|0.297024692595005|0.28841363117098806|176.5274200439453
6314|0.14538846015930176|0.12292565330862999|0.1562984760850668|183.32635498046875
6315|0.23358721137046815|0.1930362783372402|0.20206859111785888|134.00794982910156
6316|0.3231989249587059|0.2724273972213268|0.20345220416784288|145.80801391601562
6317|0.1454983741044998|0.12742337659001352|0.09756232276558877|176.84100341796875
6318|0.35679858922958374|0.26905975341796873|0.24621162712574005|196.13531494140625
6319|0.14837715551257133|0.11292529813945293|0.09275266081094742|195.7503662109375
6320|0.33994065672159196|0.31950161308050157|0.2671088181436062|205.35025024414062
6321|0.596383062005043|0.340857695043087|0.31361905187368394|260.948974609375
6322|0.14097772687673568|0.11056559942662716|0.09718049205839634|185.54139709472656
6323|0.13824196383357049|0.15571531802415847|0.1408942684531212|183.5966796875
6324|0.38406905978918077|0.421603262424469|0.3061918973922729|158.520751953125
6325|0.35322060734033583|0.3172877013683319|0.2869954213500023|166.89341735839844
6326|0.14145981445908545|0.10581753104925155|0.1027035478502512|241.7157440185547
6327|0.1498930424451828|0.13153395466506482|0.24856251180171968|117.01162719726562
6328|0.13636397235095502|0.09814594946801662|0.12538916654884816|204.04747009277344
6329|0.19365692883729935|0.15958934724330903|0.15292536728084088|177.4246368408203
6330|0.13733224235475064|0.12638995461165906|0.11400613635778427|186.28677368164062
6331|0.15590893998742103|0.11610230654478074|0.1216721374541521|196.68028259277344
6332|0.14658476896584033|0.11561107747256756|0.13039237260818481|193.98443603515625
6333|0.1377776876091957|0.11496423631906509|0.07156603261828423|195.12728881835938
6334|0.1584776036441326|0.13138505667448044|0.11697626784443856|173.16111755371094
6335|0.1593920446932316|0.12473519779741764|0.09009068049490451|417.8678894042969
6336|0.13736950010061263|0.1260368525981903|0.10686245299875737|184.39031982421875
6337|0.15791924968361853|0.1321204498410225|0.11674252152442932|143.82838439941406
6338|0.14236137941479682|0.1049303475767374|0.12161554470658302|261.69000244140625
6339|0.1732528492808342|0.18279573321342468|0.13540591970086097|180.11412048339844
6340|0.14926783181726933|0.1157894168049097|0.10716446749866008|184.90548706054688
6341|0.21909964084625244|0.13793385960161686|0.14268762059509754|199.65451049804688
6342|0.34117908775806427|0.3130232870578766|0.24912419468164443|166.5869140625
6343|0.16464786529541015|0.1452506247907877|0.14558059759438038|145.2013397216797
6344|0.13736102916300297|0.11812471486628055|0.1176032267510891|146.4954376220703
6345|0.15325530394911765|0.12530567087233066|0.11859018802642822|161.56106567382812
6346|0.3334587782621384|0.22529886960983275|0.12519550882279873|225.25079345703125
6347|0.4705270528793335|0.3237520784139633|0.4103797063231468|376.053466796875
6348|0.42222097516059875|0.4148159921169281|0.292431566119194|87.28762817382812
6349|0.20577406287193298|0.14963006377220153|0.1302135821431875|174.20787048339844
6350|0.3237221404910088|0.2309538409113884|0.18202230855822563|172.31980895996094
6351|0.16410928666591645|0.12414111644029617|0.12224877737462521|205.16702270507812
6352|0.17151647359132766|0.13677027001976966|0.16615876480937003|204.18870544433594
6353|0.15546763464808463|0.12305750027298927|0.12250644601881504|217.46981811523438
6354|0.15531504936516285|0.14247087575495243|0.1389842987060547|180.3428955078125
6355|0.14097772687673568|0.1334992777556181|0.10805256851017475|167.01904296875
6356|0.23779191002249717|0.18676049783825874|0.16112317368388177|197.561767578125
6357|0.16097288802266121|0.1309540055692196|0.10124654397368431|157.11524963378906
6358|0.28786760568618774|0.26891352236270905|0.22407241538167|148.50518798828125
6359|0.15067491605877875|0.11875234134495258|0.1334290187805891|347.5586853027344
6360|0.18221123814582824|0.1396708268672228|0.1653366032987833|166.60215759277344
6361|0.17627769261598586|0.13223663680255413|0.15238050892949104|170.1506805419922
6362|0.1392731826752424|0.11676547862589359|0.10020833238959312|123.81600189208984
6363|0.15995403788983822|0.11645063869655133|0.10312361605465412|210.40672302246094
6364|0.39380897730588915|0.3799837216734886|0.34343104511499406|141.2899627685547
6365|0.3621051013469696|0.3839525029063225|0.2941040188074112|184.0104522705078
6366|0.1372178051620722|0.09115828685462475|0.098193721473217|266.45404052734375
6367|0.15552881509065627|0.1544289067387581|0.16881661266088485|470.44000244140625
6368|0.1490524210035801|0.1166409682482481|0.09810896851122379|232.80152893066406
6369|0.2452656552195549|0.24111813828349113|0.17976837009191513|190.19969177246094
6370|0.17042007073760032|0.15994622856378554|0.15997017808258535|180.35853576660156
6371|0.1414230052381754|0.12237575389444828|0.12033156268298625|179.47386169433594
6372|0.1569201096892357|0.14451453424990177|0.1255599908530712|189.99021911621094
6373|0.3461400270462036|0.3385702848434448|0.27622404396533967|213.92007446289062
6374|0.1409385584294796|0.11834707148373128|0.09820668697357178|181.62677001953125
6375|0.1470042895525694|0.15712042935192586|0.1529045980423689|183.4496612548828
6376|0.21072546839714051|0.16501550897955894|0.13061707764863967|184.65736389160156
6377|0.32931534200906754|0.3610145762562752|0.26994287595152855|50.259464263916016
6378|0.1711330384016037|0.12071250602602959|0.2243502840399742|242.51905822753906
6379|0.367513844370842|0.38855608403682707|0.3290653184056282|238.77952575683594
6380|0.14779451489448547|0.11704095751047135|0.10818310752511025|154.05088806152344
6381|0.15797827765345573|0.16235005334019662|0.10050018951296806|178.6833953857422
6382|0.13977952376008035|0.11566220670938492|0.07879558634012937|301.63653564453125
6383|0.14410398826003074|0.11446241065859794|0.10478224828839303|201.54441833496094
6384|0.25178693160414695|0.20091319754719733|0.2180978886783123|144.33314514160156
6385|0.37496819347143173|0.2543611146509647|0.24337308034300803|196.41355895996094
6386|0.18114089369773864|0.16017885208129884|0.13839578479528428|297.78253173828125
6387|0.16060387045145036|0.11744163855910301|0.13920253217220308|279.023681640625
6388|0.3630413591861725|0.37823924571275713|0.2970304787158966|171.50146484375
6389|0.157143472135067|0.1349552944302559|0.10671954192221164|183.7530975341797
6390|0.3545559227466583|0.41075886487960817|0.2941317856311798|178.559814453125
6391|0.13636397235095502|0.11883755996823311|0.10147800110280514|195.58737182617188
6392|0.24116699472069741|0.16622140780091285|0.18798814564943314|186.2436981201172
6393|0.16795836240053177|0.14679260961711407|0.13494422622025012|297.0919494628906
6394|0.36253027319908143|0.3250282406806946|0.2963628426194191|177.66888427734375
6395|0.35413254499435426|0.3130049929022789|0.2868152782320976|158.5244598388672
6396|0.23412268981337547|0.15860275253653527|0.17264633625745773|186.2436981201172
6397|0.13690637610852718|0.1312216367572546|0.09241828247904778|196.90774536132812
6398|0.36983800679445267|0.31772651225328447|0.27272073924541473|165.401611328125
6399|0.3441409856081009|0.3308651328086853|0.2948783069849014|167.18038940429688
6400|0.35187042951583863|0.32409376204013823|0.2980190508067608|186.58627319335938
6401|0.14959063418209553|0.11621836423873902|0.1307040762156248|523.4481201171875
6402|0.19832658767700195|0.1756939172744751|0.1584510590881109|206.37142944335938
6403|0.14402302354574203|0.11899845600128174|0.09694642685353756|203.27542114257812
6404|0.16082055121660233|0.15703215189278125|0.10636740736663342|228.70155334472656
6405|0.13403867110610007|0.11335152648389339|0.12278148941695691|551.5690307617188
6406|0.17628794237971307|0.11408588737249374|0.20522174388170242|192.62155151367188
6407|0.19370842352509499|0.1283714786171913|0.11751441098749638|303.72222900390625
6408|0.3756856992840767|0.3938910812139511|0.3048367500305176|126.85179901123047
6409|0.15357847921550274|0.17929073348641394|0.13976581767201424|185.33563232421875
6410|0.13243752606213094|0.11888529434800148|0.08500521145761013|194.02365112304688
6411|0.1755727671086788|0.16313792616128922|0.1290369812399149|175.88137817382812
6412|0.33226045668125154|0.1228956539183855|0.14142351783812046|197.2672119140625
6413|0.18541725873947143|0.16702738627791405|0.14590320587158204|114.4831314086914
6414|0.38328855484724045|0.3268872007727623|0.264439944177866|187.00999450683594
6415|0.37347472459077835|0.4233385443687439|0.33676309436559676|151.07911682128906
6416|0.4031635358929634|0.36816405653953554|0.33373085260391233|3453.572021484375
6417|0.1622775003314018|0.12603367120027542|0.13177454248070716|213.63352966308594
6418|0.1279311966150999|0.11744321547448636|0.11350874900817871|167.46514892578125
6419|0.17617533206939698|0.13873260729014875|0.1385787658393383|169.08888244628906
6420|0.1756266787648201|0.1378646869212389|0.11237314157187939|189.75418090820312
6421|0.14156538844108582|0.09854585379362106|0.08445419259369373|193.62281799316406
6422|0.13290263377130032|0.11315310746431351|0.13720660880208016|217.49542236328125
6423|0.36656873524188993|0.1295612331479788|0.11996702775359154|204.68128967285156
6424|0.1333784271031618|0.11138736568391323|0.12293064333498478|163.93087768554688
6425|0.14780110865831375|0.14266274757683278|0.11658823862671852|180.3256072998047
6426|0.3568389847874641|0.1363471131771803|0.13627776242792605|203.01388549804688
6427|0.3713264063000679|0.3829639509320259|0.264953526109457|176.00210571289062
6428|0.13349841237068177|0.1333698879927397|0.08981160037219524|171.33897399902344
6429|0.1444685846567154|0.11633489616215228|0.10913421586155891|184.57769775390625
6430|0.13151894956827165|0.11058354265987873|0.13304348960518836|180.46409606933594
6431|0.16052488386631011|0.14479673467576504|0.10603942051529884|186.26812744140625
6432|0.17331355921924113|0.12605032958090306|0.1188027311116457|227.2333984375
6433|0.13075227476656437|0.1163479819893837|0.13819547966122628|203.6922607421875
6434|0.15332343950867652|0.10877181887626648|0.09703453108668328|187.76547241210938
6435|0.354289510846138|0.27542489394545555|0.2711957983672619|227.0889129638672
6436|0.1877833940088749|0.1511592835187912|0.12731742560863496|174.59332275390625
6437|0.35503000766038895|0.33540024161338805|0.294650699198246|229.5512237548828
6438|0.13603981621563435|0.12878051474690438|0.13640059605240823|277.8339538574219
6439|0.17537514716386796|0.11624654233455659|0.12329292111098766|315.5771179199219
6440|0.30813138782978056|0.2739595718681812|0.18733153790235518|232.07598876953125
6441|0.15954445786774157|0.14245284646749495|0.1578794840723276|151.97564697265625
6442|0.14960036762058734|0.12030759789049625|0.13063801713287831|157.2462615966797
6443|0.3643638864159584|0.342255736887455|0.2396089218556881|175.60308837890625
6444|0.153964801132679|0.15581152141094207|0.13224671892821788|164.9689483642578
6445|0.15175602436065674|0.1250110611319542|0.11542310081422329|194.63467407226562
6446|0.15258143693208695|0.1556154318153858|0.1301099020987749|165.8329620361328
6447|0.1475997269153595|0.1241952832788229|0.1351111639291048|586.1195068359375
6448|0.1336965635418892|0.12301951609551906|0.12128069698810577|184.57769775390625
6449|0.1881234385073185|0.1575426310300827|0.12130558118224144|175.24105834960938
6450|0.14291818104684353|0.1428318526595831|0.1389842987060547|180.3428955078125
6451|0.31331963241100313|0.28311193734407425|0.25328032597899436|173.28509521484375
6452|0.18649365231394768|0.1490122564136982|0.22528873905539512|104.00636291503906
6453|0.28064581379294395|0.21525102481245995|0.22007460817694663|178.38876342773438
6454|0.15875961035490035|0.14352617636322976|0.15287656895816326|162.37486267089844
6455|0.1563090428709984|0.15891636498272418|0.1301391039043665|180.5531005859375
6456|0.37690239399671555|0.32325868755578996|0.32670497000217436|202.50253295898438
6457|0.1325873199850321|0.11962181106209754|0.09833346866071224|237.22225952148438
6458|0.3626361146569252|0.315023647993803|0.3248459979891777|190.992919921875
6459|0.15015340335667132|0.11700456254184247|0.127064199000597|147.2282257080078
6460|0.15449324622750282|0.13909667432308198|0.12291308678686619|162.50531005859375
6461|0.15061604753136634|0.12993164882063865|0.1042025476694107|182.6534423828125
6462|0.13290272690355778|0.1261274993419647|0.12821210138499736|179.5984344482422
6463|0.12921176366508008|0.10409552566707134|0.09252109825611114|337.4519348144531
6464|0.1474938690662384|0.10131350606679916|0.08800665959715843|355.94097900390625
6465|0.13829172290861608|0.11543497703969478|0.12399669773876668|188.94375610351562
6466|0.40159550607204436|0.45077863037586213|0.3281667783856392|189.29220581054688
6467|0.3780393794178963|0.3123447373509407|0.2912192948162556|230.185546875
6468|0.1547042652964592|0.1172052901238203|0.12306855507194996|137.3035888671875
6469|0.14403209947049617|0.1306830208748579|0.10366881862282754|191.757080078125
6470|0.24170868769288062|0.25115725249052046|0.189374141395092|197.96914672851562
6471|0.37429236620664597|0.32535736113786695|0.25690641775727274|186.0657196044922
6472|0.16417327001690865|0.11938151605427265|0.18987449184060096|206.49781799316406
6473|0.16140817813575267|0.11717971339821816|0.1064298402518034|184.49172973632812
6474|0.12596913985908031|0.115773306787014|0.10782216824591159|188.5591583251953
6475|0.3817227423191071|0.38521099239587786|0.32309902757406234|160.92889404296875
6476|0.1308813091367483|0.12439486905932426|0.09912381991744042|388.95355224609375
6477|0.16609123796224595|0.11302009150385857|0.08580065630376339|185.02296447753906
6478|0.15926770195364953|0.1335337545722723|0.13115523606538773|178.48524475097656
6479|0.1886992447078228|0.1653938189148903|0.1433228813111782|181.73350524902344
6480|0.1679336093366146|0.1426808565855026|0.15353638492524624|3335.8603515625
6481|0.3139455646276474|0.12408032938838005|0.10448239594697953|189.7024383544922
6482|0.15418684035539626|0.11647706665098667|0.12493889108300209|103.55697631835938
6483|0.15694980546832085|0.1596241258084774|0.12520471699535846|242.91070556640625
6484|0.4113768026232719|0.4520005747675896|0.31631778478622435|177.57275390625
6485|0.3625216707587242|0.28244412392377855|0.26722240522503854|198.8225555419922
6486|0.2530694380402565|0.29444085955619814|0.14351574294269084|130.71304321289062
6487|0.1311958622187376|0.11729303225874901|0.1693797256797552|205.20205688476562
6488|0.14412710145115853|0.11290604583919048|0.1262432884424925|199.27386474609375
6489|0.12894168868660927|0.11922449544072151|0.08026396818459033|183.66444396972656
6490|0.3545559227466583|0.3636100128293037|0.42842414379119875|368.45458984375
6491|0.33226045668125154|0.117692756280303|0.12845555767416955|141.5423583984375
6492|0.2246195286512375|0.2240464523434639|0.22845848947763442|164.7926788330078
6493|0.15068635642528533|0.10135871395468712|0.1094611071050167|163.79547119140625
6494|0.1770523451268673|0.12002498582005501|0.1389101304113865|184.5947723388672
6495|0.13291724883019923|0.12174976766109466|0.10385985895991326|186.72708129882812
6496|0.126805566996336|0.11818644776940346|0.12372177727520466|202.08523559570312
6497|0.27957978993654253|0.20390960499644278|0.19319686219096183|166.77821350097656
6498|0.365004800260067|0.3290430396795273|0.280713065713644|183.30380249023438
6499|0.13622510097920895|0.12593297213315963|0.10252762623131276|310.2513732910156
6500|0.22594741880893707|0.19565533921122552|0.1957937255501747|202.05218505859375
6501|0.40174158215522765|0.32748638093471527|0.2851621314883232|165.72055053710938
6502|0.13708337247371674|0.11536614038050175|0.12637319713830947|211.77149963378906
6503|0.31308199316263197|0.22934032306075097|0.21140428483486176|224.59547424316406
6504|0.3609172463417053|0.3250612258911133|0.24575871005654334|175.55828857421875
6505|0.36441866904497144|0.32293640077114105|0.2573208063840866|181.58070373535156
6506|0.12596913985908031|0.12226014398038387|0.0997022494673729|162.85072326660156
6507|0.14563467130064964|0.16456876061856746|0.11832783333957195|168.2970428466797
6508|0.12632775418460368|0.12950391098856925|0.11346067562699318|205.8739013671875
6509|0.1295166678726673|0.15178476609289646|0.10113655962049961|187.8531494140625
6510|0.1356676947325468|0.14297619499266148|0.12122116945683956|143.46876525878906
6511|0.16265255771577358|0.17251183912158014|0.1397365402430296|173.34625244140625
6512|0.1311161771416664|0.11451721787452698|0.11944700106978416|190.1868133544922
6513|0.1532531600445509|0.11379166208207607|0.1216492235660553|179.9083709716797
6514|0.1558645784854889|0.1530199021100998|0.13470418825745584|197.63856506347656
6515|0.161129280179739|0.15781761333346367|0.14014163799583912|156.7165985107422
6516|0.13672822751104832|0.12133843824267387|0.12877509593963624|255.22311401367188
6517|0.22714112028479577|0.1302587565034628|0.20979628041386605|190.64697265625
6518|0.13025923818349838|0.12153195962309837|0.1247970387339592|229.1646270751953
6519|0.15873917415738106|0.13944994360208512|0.17479705028235912|178.87879943847656
6520|0.1678905136883259|0.13520385585725309|0.13658026084303856|108.03868865966797
6521|0.3736461952328682|0.32790312469005584|0.24697166234254836|181.73159790039062
6522|0.24366650804877282|0.19811141565442086|0.19494305178523064|197.58494567871094
6523|0.13411578573286534|0.11827624551951885|0.1301367837935686|187.5397186279297
6524|0.14200029894709587|0.10284024886786938|0.10807208642363549|187.17379760742188
6525|0.12349816821515561|0.14883194267749786|0.09864431694149971|191.67161560058594
6526|0.1982559986412525|0.27562808617949486|0.16128321327269077|246.7662353515625
6527|0.18176936656236647|0.16272998675704003|0.16336569637060167|165.24220275878906
6528|0.35413254499435426|0.3154673889279366|0.3094498381018639|173.7578887939453
6529|0.15182420015335082|0.17418404892086983|0.15495994612574576|179.58387756347656
6530|0.13395363688468934|0.1136946402490139|0.1411385837942362|188.8408966064453
6531|0.4247617468237877|0.1654489003121853|0.1325655709952116|194.96359252929688
6532|0.12526896335184573|0.11918144933879375|0.12248976528644562|194.5523681640625
6533|0.13078088425099849|0.1550538558512926|0.1192709632217884|106.5954818725586
6534|0.14856339395046234|0.1036782767623663|0.13938919641077518|192.640380859375
6535|0.12339957915246487|0.09303260296583175|0.12198315225541592|192.9235076904297
6536|0.12539541497826576|0.12186359018087387|0.14172768741846084|191.23068237304688
6537|0.1682985618710518|0.1480298053473234|0.15283433943986893|180.69589233398438
6538|0.3740158721804619|0.3214282512664795|0.27855864986777307|226.93508911132812
6539|0.3672370731830597|0.3496472999453545|0.3195119544863701|179.40464782714844
6540|0.14990899264812468|0.12038694471120834|0.1264495261013508|336.9194030761719
6541|0.13025265000760555|0.11110187135636806|0.10956757478415965|188.54019165039062
6542|0.14151084683835508|0.12074373289942741|0.11054877974092961|212.25250244140625
6543|0.13886295408010482|0.1407745521515608|0.09104889892041683|179.62420654296875
6544|0.13449831828474998|0.11467446461319923|0.12800847962498665|186.10458374023438
6545|0.14781298562884332|0.09867637418210506|0.12926011383533478|201.25621032714844
6546|0.14693945832550526|0.11907846182584762|0.13196593299508094|188.40475463867188
6547|0.3593086913228035|0.33808563053607943|0.33200679570436475|176.7311553955078
6548|0.1260223627090454|0.11706766113638878|0.11508027613162994|198.0943603515625
6549|0.13773581609129906|0.13801981769502164|0.16620309539139272|164.01751708984375
6550|0.12421459630131722|0.11428514458239078|0.10599062591791153|185.96043395996094
6551|0.12100335285067558|0.12589271403849125|0.10143480934202671|175.14849853515625
6552|0.14202774465084075|0.0968239277601242|0.10144714824855328|204.26397705078125
6553|0.35991263538599017|0.31819946616888045|0.2992387428879738|303.2198181152344
6554|0.13627416156232358|0.12836442068219184|0.11365653611719609|189.5789031982422
6555|0.12307738848030567|0.09590690806508065|0.0879414863884449|259.8371887207031
6556|0.13975164107978344|0.11117031574249267|0.13170652277767658|1924.57958984375
6557|0.12183252908289433|0.10032439492642879|0.1088813167065382|302.47955322265625
6558|0.13030555918812753|0.1083099316805601|0.12651225551962852|175.97467041015625
6559|0.3469125062227249|0.2730443306267262|0.28706103190779686|163.2360382080078
6560|0.1641493856906891|0.1698550708591938|0.14024945273995398|203.2443084716797
6561|0.12529160492122174|0.1262368902564049|0.13202635236084462|151.7278594970703
6562|0.1739724211394787|0.13331126905977725|0.10080528557300568|175.24147033691406
6563|0.3542634978890419|0.3202799290418625|0.3189502149820328|182.72679138183594
6564|0.15745124965906143|0.1447062138468027|0.15375889725983144|188.42120361328125
6565|0.14989835508167743|0.13296868093311787|0.12465096972882747|151.4940643310547
6566|0.14451920464634896|0.11945387199521065|0.09902205429971218|197.96792602539062
6567|0.15837287455797194|0.1288251392543316|0.12343084998428822|187.0885772705078
6568|0.135270456597209|0.13316204138100146|0.092820318415761|110.09152221679688
6569|0.14351254552602768|0.1212245173752308|0.09678693376481533|128.82847595214844
6570|0.12766004204750062|0.11297828070819378|0.08634561225771904|201.87384033203125
6571|0.12680977322161197|0.11003751009702682|0.11965051330626011|197.6631622314453
6572|0.16953083947300912|0.1428703937679529|0.17018143683671952|120.2244644165039
6573|0.1364989783614874|0.11977103799581527|0.12562036849558353|195.49188232421875
6574|0.132503754645586|0.12067290358245372|0.17279922775924206|166.68853759765625
6575|0.12233428098261356|0.12328811958432198|0.11876313611865044|232.44911193847656
6576|0.14448600225150585|0.12328955978155136|0.10830321945250035|208.5266571044922
6577|0.13162542283535003|0.12645393423736095|0.1433389451354742|222.56985473632812
6578|0.1195188220590353|0.1140204943716526|0.08728024028241635|151.58633422851562
6579|0.1308045793324709|0.10436061322689057|0.10113865286111831|191.4913787841797
6580|0.14065972305834293|0.13373480774462224|0.13596737422049046|181.43304443359375
6581|0.1249394342303276|0.1492621537297964|0.11393603943288326|195.18321228027344
6582|0.14476719051599501|0.1243415642529726|0.1295447524636984|246.9659881591797
6583|0.12744670622050763|0.10594615563750268|0.1249913789331913|197.18089294433594
6584|0.3563744232058525|0.33003652691841123|0.28777566403150556|259.6943664550781
6585|0.31674839854240416|0.11612117812037467|0.12126460894942284|198.12704467773438
6586|0.38220580816268923|0.33414984941482545|0.264523534476757|212.30899047851562
6587|0.1376612178981304|0.12024718709290028|0.1022916454821825|193.17445373535156
6588|0.1331498522311449|0.11368318982422351|0.112701416015625|188.82774353027344
6589|0.14948333874344827|0.12923606894910336|0.11392408274114132|253.7897491455078
6590|0.12828967012465|0.11185509338974953|0.09173458069562912|175.05572509765625
6591|0.1195188220590353|0.10209555141627788|0.09257528148591518|135.71832275390625
6592|0.1267950762063265|0.11575802080333233|0.08925466239452362|181.04165649414062
6593|0.12331526465713978|0.11659158915281295|0.12391802966594696|177.96920776367188
6594|0.12795528583228588|0.12166839204728604|0.10104033313691616|186.9304656982422
6595|0.12200338095426559|0.11957581341266632|0.11920758411288261|183.3689422607422
6596|0.12369731180369854|0.12115886695683002|0.09630481265485287|1152.589599609375
6597|0.1287991501390934|0.11621836423873902|0.11233322359621525|214.8592529296875
6598|0.5775075405836105|0.37478104382753374|0.2970893561840057|184.67630004882812
6599|0.12713638544082642|0.11947729736566544|0.1300415124744177|189.34185791015625
6600|0.37332452535629274|0.3306763365864754|0.3119863882660866|165.15060424804688
6601|0.1299489416182041|0.15856393836438656|0.1174985159188509|143.88394165039062
6602|0.15159262865781784|0.12391202077269554|0.1320026095956564|180.77182006835938
6603|0.12980022132396699|0.11963146589696408|0.11943010240793228|188.85691833496094
6604|0.37757019251585006|0.3926128849387169|0.3125551253557205|181.10658264160156
6605|0.1195188220590353|0.11429458856582642|0.08817065246403218|188.19798278808594
6606|0.12076030671596527|0.09481833837926387|0.10388743169605733|187.8691864013672
6607|0.13999998681247233|0.13618811406195164|0.16657035425305367|163.87257385253906
6608|0.16166590452194213|0.12269051447510719|0.08900128491222858|208.00350952148438
6609|0.1528830796480179|0.13979292400181292|0.14706057794392108|168.34576416015625
6610|0.1256909653544426|0.11238443255424499|0.1325725384056568|194.01551818847656
6611|0.12307738848030567|0.11254068166017532|0.08126326203346253|200.41452026367188
6612|0.140473048761487|0.14499199576675892|0.1267006564885378|191.9416961669922
6613|0.28589258790016175|0.2937215782701969|0.2553917713463306|188.33407592773438
6614|0.15497787669301033|0.1329355925321579|0.0979778815060854|190.43028259277344
6615|0.402703782916069|0.41035003364086153|0.2646519161760807|153.43148803710938
6616|0.14574565477669238|0.11857102215290069|0.1239317961037159|196.75430297851562
6617|0.35538560450077056|0.32468740195035933|0.27458329126238823|183.16627502441406
6618|0.37024805694818497|0.34890193343162534|0.290429000556469|146.7618865966797
6619|0.1479045834392309|0.0961997527629137|0.18324798867106437|228.5727996826172
6620|0.13171713873744012|0.11859645992517472|0.12285019494593144|183.35040283203125
6621|0.17463904321193696|0.1546212390065193|0.1314610619097948|142.729248046875
6622|0.17463904321193696|0.1546212390065193|0.1314610619097948|142.729248046875
6623|0.13827528543770312|0.1428318526595831|0.1389842987060547|183.81979370117188
6624|0.12296750321984291|0.11138016395270825|0.11223779767751693|165.59471130371094
6625|0.20317222997546197|0.14674697779119014|0.13666436150670053|176.32266235351562
6626|0.1284544039517641|0.1136444628238678|0.10314302667975425|201.0880584716797
6627|0.14985764473676683|0.14563460685312749|0.145232255384326|148.1133270263672
6628|0.355563098192215|0.34819411039352416|0.31257139071822165|181.2884521484375
6629|0.15800200030207634|0.1630777820944786|0.19299629889428616|133.58917236328125
6630|0.4201249465346336|0.17504694536328316|0.13087727576494218|165.36241149902344
6631|0.13695756904780865|0.11325870454311371|0.1174115065485239|211.4235076904297
6632|0.17382351458072662|0.2770432747900486|0.12822093740105628|215.08999633789062
6633|0.36313851177692413|0.275321327149868|0.30001586228609084|184.39410400390625
6634|0.38478337973356247|0.3389306843280792|0.3194177448749542|184.84007263183594
6635|0.14446592703461647|0.12412766627967357|0.08594071380794048|191.26980590820312
6636|0.1482473596930504|0.11761290356516838|0.12888275682926179|159.75140380859375
6637|0.13677878938615323|0.11396247707307339|0.1078451283276081|174.89479064941406
6638|0.3967352658510208|0.13213483057916164|0.13193588890135288|188.6272430419922
6639|0.13840213865041734|0.12360771000385284|0.11821775734424592|164.80116271972656
6640|0.13052083030343056|0.13224249482154846|0.10384775474667549|176.86773681640625
6641|0.12638014666736125|0.11162518113851547|0.1063115868717432|191.42262268066406
6642|0.12317136712372304|0.11062178127467633|0.0928097490221262|192.7396240234375
6643|0.12953927591443062|0.1153620459139347|0.1280044350773096|305.1982421875
6644|0.12555490843951703|0.10537120066583157|0.1043208047747612|183.5763702392578
6645|0.16057903096079826|0.2628387838602066|0.23943212032318115|186.8121337890625
6646|0.13418325558304786|0.12353081740438938|0.12304530553519726|190.501220703125
6647|0.13548960611224176|0.12091042846441269|0.1279014576226473|169.6738739013672
6648|0.3862634837627411|0.47165293991565704|0.24689392745494843|222.69459533691406
6649|0.14136553965508938|0.14531443901360036|0.11872957199811936|193.92755126953125
6650|0.14819349013268948|0.12891449704766272|0.134833525121212|199.0792694091797
6651|0.13084747605025768|0.1285331167280674|0.11897988989949226|173.97891235351562
6652|0.13476356044411658|0.1261414121836424|0.12856933400034903|305.830078125
6653|0.1482976920902729|0.13980589397251605|0.12415971346199513|231.91481018066406
6654|0.16432654596865176|0.11658773235976697|0.20984963998198508|194.28659057617188
6655|0.13630798719823362|0.12792183831334114|0.08964267484843731|194.9481658935547
6656|0.11942753493785858|0.11462233699858189|0.11015205457806587|198.55386352539062
6657|0.15195775032043457|0.10516479313373565|0.10647961609065533|214.34852600097656
6658|0.1512602023780346|0.0985027577728033|0.1001018613576889|105.97328186035156
6659|0.13352498076856137|0.13028443641960621|0.10163895078003407|334.67071533203125
6660|0.13146536983549595|0.12112016268074513|0.13105220012366772|171.2678985595703
6661|0.13721424974501134|0.10961809419095517|0.097095300629735|181.66990661621094
6662|0.3250658482313156|0.2495034359395504|0.2187984935939312|185.31805419921875
6663|0.14743970856070518|0.09669025279581547|0.08759602755308152|171.8198699951172
6664|0.1384768057614565|0.1190592773258686|0.13344950452446938|187.91111755371094
6665|0.1972227968275547|0.1195387825369835|0.21846010833978652|406.3888244628906
6666|0.38375422954559324|0.34761485904455186|0.3173812925815582|150.92381286621094
6667|0.3183890894055367|0.2876273587346077|0.2343465007841587|123.88912200927734
6668|0.13795479536056518|0.11308410465717315|0.10327437818050385|184.96678161621094
6669|0.4560348138213158|0.43349798023700714|0.41019525229930875|96.53390502929688
6670|0.12504354007542134|0.11676547862589359|0.1004535622894764|120.50316619873047
6671|0.29895606860518453|0.13567785248160363|0.12806832641363144|207.8197021484375
6672|0.18774054050445557|0.1661490812897682|0.14356255792081357|217.8903045654297
6673|0.1443474493920803|0.14923223294317722|0.09859190918505192|249.174560546875
6674|0.15389828458428384|0.12899437434971334|0.14175929315388203|144.964111328125
6675|0.1467525392770767|0.12136073373258113|0.09885973557829857|166.21469116210938
6676|0.1450779028236866|0.1628489725291729|0.12359738610684871|147.19235229492188
6677|0.23328195735812188|0.23116683214902878|0.20407286137342454|182.95748901367188
6678|0.12461762838065624|0.0919521726667881|0.10078598447144031|196.08705139160156
6679|0.13816609159111976|0.11034058406949043|0.11430932693183422|196.12689208984375
6680|0.13335380479693412|0.1190892904996872|0.11657805405557156|225.999267578125
6681|0.36647801101207733|0.3324018567800522|0.32492176741361617|168.38197326660156
6682|0.1384768057614565|0.1190592773258686|0.13344950452446938|187.91111755371094
6683|0.16264479383826255|0.16198746487498283|0.1471376322209835|398.91448974609375
6684|0.12326065488159657|0.11602827422320842|0.11725910604000092|202.56724548339844
6685|0.2128991514444351|0.1348256677389145|0.14795156344771385|237.53500366210938
6686|0.14570391774177552|0.12008714601397515|0.09212333112955093|276.797119140625
6687|0.14054722860455512|0.12150127738714218|0.10175170190632343|186.491455078125
6688|0.3562132313847542|0.3214116245508194|0.35648619532585146|224.7906951904297
6689|0.12973350584506987|0.12787069343030452|0.1289389781653881|176.5507354736328
6690|0.14060343988239765|0.11659207344055175|0.11636161021888256|282.9557189941406
6691|0.12746088095009328|0.12982429265975953|0.09936004728078843|371.7942810058594
6692|0.14651979207992555|0.12427359893918037|0.14152607917785645|194.78684997558594
6693|0.42457879334688187|0.3925937756896019|0.3128782019019127|173.636962890625
6694|0.12895027697086334|0.11178157180547714|0.10891282074153423|180.56076049804688
6695|0.38015998601913453|0.2998283289372921|0.3200230225920677|179.35520935058594
6696|0.12660221196711063|0.11874828562140465|0.10467998944222927|173.8883514404297
6697|0.13655917420983316|0.12658365815877914|0.0986005786806345|223.2473602294922
6698|0.12607559002935886|0.1113966353237629|0.11356945559382439|205.32107543945312
6699|0.16337270699441434|0.14352045096457006|0.16258397921919823|705.2640380859375
6700|0.12349969930946827|0.1049303475767374|0.0985325563699007|225.74142456054688
6701|0.15092260539531707|0.11684958674013615|0.12626884691417217|185.4663848876953
6702|0.20690510049462318|0.16310794278979301|0.14195095114409922|185.26080322265625
6703|0.1298683241009712|0.11412633433938027|0.11649811454117298|191.400634765625
6704|0.13630995117127895|0.12135675996541977|0.13667891956865788|183.63265991210938
6705|0.12009383141994476|0.112459696829319|0.09972166307270527|105.57981872558594
6706|0.4184112951159477|0.32821507900953295|0.4367062941193581|140.9350128173828
6707|0.12533443309366704|0.11535808853805066|0.09608901999890804|187.5360565185547
6708|0.1773257575929165|0.16272998675704003|0.16813199892640113|154.84686279296875
6709|0.1220156766474247|0.11730536855757237|0.10864788629114627|255.25547790527344
6710|0.12547717243433|0.13147445693612098|0.12471864521503448|145.466552734375
6711|0.12089040279388427|0.1424863625317812|0.125874537602067|172.79769897460938
6712|0.12247954234480858|0.11922889575362206|0.12640798538923265|159.749267578125
6713|0.13444648310542107|0.1531606312841177|0.10203145518898964|185.54493713378906
6714|0.13386242389678954|0.12344251461327076|0.14321477822959422|213.80474853515625
6715|0.12094601802527905|0.1110882144421339|0.11205670349299908|215.88067626953125
6716|0.3751284942030907|0.3365607768297195|0.32307433634996413|180.97044372558594
6717|0.12533443309366704|0.11157642602920533|0.10735819451510906|186.93930053710938
6718|0.13062649592757225|0.09959079362452031|0.12385782375931739|121.52255249023438
6719|0.1392102338373661|0.12674360908567905|0.13872941099107267|186.8927764892578
6720|0.12545818090438843|0.11759546920657157|0.12658912278711795|211.07135009765625
6721|0.12867985293269157|0.11288640834391117|0.09355568513274193|195.32630920410156
6722|0.1227939933538437|0.11782837361097336|0.08487285226583481|239.93365478515625
